// MilkShape 3D ASCII

Frames: 24
Frame: 1

Meshes: 2
"side2" 1 0
3
1 0.125000 19.916668 0.000000 0.044922 0.039063 -1
1 20.125000 19.583332 0.000000 1.044922 0.056012 -1
1 0.458333 0.250001 0.000000 0.061589 1.039063 -1
1
0.000000 0.000000 -1.000000
1
1 0 1 2 0 0 0 1
"side1" 0 -1
3
0 20.125000 19.583332 0.000000 0.000000 0.000000 -1
0 19.791666 0.250001 0.000000 0.000000 0.000000 -1
0 0.458333 0.250001 0.000000 0.000000 0.000000 -1
1
0.000000 0.000000 -1.000000
1
0 0 1 2 0 0 0 1

Materials: 1
"Material01"
0.200000 0.200000 0.200000 1.000000
0.800000 0.800000 0.800000 1.000000
0.000000 0.000000 0.000000 1.000000
0.000000 0.000000 0.000000 1.000000
0.000000
1.000000
"Cross.bmp"
""

Bones: 0
GroupComments: 0
MaterialComments: 0
BoneComments: 0
ModelComment: 0
